75.907 122.673
74.597 121.838
74.112 121.406
73.79 120.833
73.564 120.356
73.418 119.62
73.393 117.75
73.388 114.771
73.457 111.763
73.61 109.838
73.899 109.047
74.054 108.126
73.774 107.565
73.882 103.736
74.275 100.828
74.751 97.1
75.095 94.883
75.622 92.147
75.881 88.351
75.776 85.222
75.235 80.683
74.981 75.279
74.94 63.577
75.542 59.268
75.9 57.682
76.603 56.393
77.992 55.397
79.469 55.004
82.624 54.67
102.337 54.276
117.083 54.409
129.819 54.572
137.355 54.652
139.932	54.804
146.248 54.825
153.583 54.908
165.806 55.129
176.821 55.321
186.935 55.452
198.398 55.707
199.476 55.762
200.217 55.971
201.489 56.464
202.184 57.23
202.786 58.436
202.992 59.439
203.023 65.303
203.268 73.069
203.36 79.113
203.534 88.048
203.316 88.395
202.362 90.865
202.151 98.437
202.903 105.282
202.559	108.286
202.501 110.4
202.409 115.38
202.296 117.422
201.995 118.476
201.661 120.568
201.546 121.518
200.974 122.522
199.702 123.677
198.597 124.129
186.257 124.223
176.217 124.271
153.441 124.343
146.323 124.273
133.234 124.201
128.377 124.092
123.577 124.045
123.564 123.700
109.189 123.719
109.189 123.514
92.609 123.454
91.714 123.225
81.769 123.225
80.581 122.836
77.192 122.694
